precision    recall  f1-score   support

          价格     0.8079    0.9037    0.8531       135
          内饰     0.4198    0.8095    0.5528        42
          动力     0.8521    0.7252    0.7835       302
          外观     0.6216    0.6389    0.6301        36
         安全性     0.6269    0.7778    0.6942        54
          操控     0.5372    0.6190    0.5752       105
          油耗     0.8198    0.8667    0.8426       105
          空间     0.6875    0.6600    0.6735        50
         舒适性     0.6129    0.4419    0.5135        86
          配置     0.7833    0.5875    0.6714        80

    accuracy                         0.7176       995
   macro avg     0.6769    0.7030    0.6790       995
weighted avg     0.7362    0.7176    0.7192       995