precision    recall  f1-score   support

          体育     0.9980    0.9990    0.9985      1000
          娱乐     0.9920    0.9880    0.9900      1000
          家居     0.9828    0.9150    0.9477      1000
          房产     0.9753    0.9860    0.9806      1000
          教育     0.9707    0.8940    0.9308      1000
          时尚     0.9650    0.9930    0.9788      1000
          时政     0.9594    0.9690    0.9642      1000
          游戏     0.9630    0.9880    0.9753      1000
          科技     0.9444    0.9860    0.9648      1000
          财经     0.9651    0.9950    0.9798      1000

    accuracy                         0.9713     10000
   macro avg     0.9716    0.9713    0.9710     10000
weighted avg     0.9716    0.9713    0.9710     10000